,data,tau_x_score,prediction_time,buckets_per_rank,algo,percentage
0,authorship,0.19999999999999996,1.9827719576322413,4.0,Chain-GBR-PI,0.6
1,authorship,0.2539682539682539,1.9848670874977918,4.0,Chain-GBR-PI,0.6
2,authorship,0.3333333333333333,1.9847252784739182,4.0,Chain-GBR-PI,0.6
3,authorship,0.3412698412698412,1.981422787794337,4.0,Chain-GBR-PI,0.6
4,authorship,0.27380952380952384,1.9798494538765405,4.0,Chain-GBR-PI,0.6
5,authorship,0.3611111111111111,1.9826262870321067,4.0,Chain-GBR-PI,0.6
6,authorship,0.40079365079365076,1.9900147537218034,4.0,Chain-GBR-PI,0.6
7,authorship,0.28968253968253965,1.9987862967209808,4.0,Chain-GBR-PI,0.6
8,authorship,0.3015873015873016,1.9912403180028906,4.0,Chain-GBR-PI,0.6
9,authorship,0.28174603174603174,1.989375554538444,4.0,Chain-GBR-PI,0.6
10,authorship,0.26666666666666666,1.9832344150379404,4.0,Chain-GBR-PI,0.6
11,authorship,0.35714285714285715,1.9735785160359613,4.0,Chain-GBR-PI,0.6
12,authorship,0.3055555555555555,1.9733934574666177,4.0,Chain-GBR-PI,0.6
13,authorship,0.2936507936507936,1.980024688743727,4.0,Chain-GBR-PI,0.6
14,authorship,0.40079365079365076,1.9767161308616685,4.0,Chain-GBR-PI,0.6
15,authorship,0.36111111111111116,1.9762141849990078,4.0,Chain-GBR-PI,0.6
16,authorship,0.2103174603174603,1.9743737404487829,4.0,Chain-GBR-PI,0.6
17,authorship,0.3095238095238095,1.9729641367664283,4.0,Chain-GBR-PI,0.6
18,authorship,0.2777777777777778,1.9730746359329274,4.0,Chain-GBR-PI,0.6
19,authorship,0.2976190476190476,1.9789694742457618,4.0,Chain-GBR-PI,0.6
20,authorship,0.196078431372549,1.9742999873418734,4.0,Chain-GBR-PI,0.6
21,authorship,0.29365079365079366,1.9762171940301934,4.0,Chain-GBR-PI,0.6
22,authorship,0.34523809523809523,1.9794769907714065,4.0,Chain-GBR-PI,0.6
23,authorship,0.3015873015873015,1.9766227872351485,4.0,Chain-GBR-PI,0.6
24,authorship,0.27380952380952384,1.977924366858066,4.0,Chain-GBR-PI,0.6
25,authorship,0.28968253968253965,1.974889160443037,4.0,Chain-GBR-PI,0.6
26,authorship,0.29761904761904756,1.981016581962272,4.0,Chain-GBR-PI,0.6
27,authorship,0.25000000000000006,1.9768377621903868,4.0,Chain-GBR-PI,0.6
28,authorship,0.2857142857142857,1.979246782744411,4.0,Chain-GBR-PI,0.6
29,authorship,0.25793650793650785,1.9791860640144132,4.0,Chain-GBR-PI,0.6
30,authorship,0.3215686274509804,1.9760031619462204,4.0,Chain-GBR-PI,0.6
31,authorship,0.29761904761904756,1.9736179339035858,4.0,Chain-GBR-PI,0.6
32,authorship,0.32142857142857145,1.9742227435154163,4.0,Chain-GBR-PI,0.6
33,authorship,0.23412698412698413,1.9763706982752531,4.0,Chain-GBR-PI,0.6
34,authorship,0.24999999999999994,1.9732096335668188,4.0,Chain-GBR-PI,0.6
35,authorship,0.3412698412698412,1.9765123316150963,4.0,Chain-GBR-PI,0.6
36,authorship,0.3849206349206349,1.9751812491480438,4.0,Chain-GBR-PI,0.6
37,authorship,0.4087301587301588,1.9758359266481154,4.0,Chain-GBR-PI,0.6
38,authorship,0.29761904761904767,1.9738371361424496,4.0,Chain-GBR-PI,0.6
39,authorship,0.32936507936507936,1.9724896423019844,4.0,Chain-GBR-PI,0.6
40,authorship,0.2431372549019608,1.9735581068093704,4.0,Chain-GBR-PI,0.6
41,authorship,0.32936507936507936,1.9733218062472404,4.0,Chain-GBR-PI,0.6
42,authorship,0.3412698412698412,1.9758355693158707,4.0,Chain-GBR-PI,0.6
43,authorship,0.21825396825396823,1.9740229061528571,4.0,Chain-GBR-PI,0.6
44,authorship,0.2698412698412699,1.9770741192527683,4.0,Chain-GBR-PI,0.6
45,authorship,0.38095238095238093,1.973331358894504,4.0,Chain-GBR-PI,0.6
46,authorship,0.2301587301587301,1.9811719985983443,4.0,Chain-GBR-PI,0.6
47,authorship,0.3095238095238096,1.9747011151029905,4.0,Chain-GBR-PI,0.6
48,authorship,0.2420634920634921,1.9753553305674907,4.0,Chain-GBR-PI,0.6
49,authorship,0.23015873015873015,1.974211645694393,4.0,Chain-GBR-PI,0.6
50,glass,0.17575757575757578,0.8007456350329667,6.0,Chain-GBR-PI,0.6
51,glass,0.018181818181818174,0.7979965206678536,6.0,Chain-GBR-PI,0.6
52,glass,-0.0909090909090909,0.7981853443882012,6.0,Chain-GBR-PI,0.6
53,glass,0.1575757575757576,0.7974568910000334,6.0,Chain-GBR-PI,0.6
54,glass,0.2634920634920635,0.799004203983166,6.0,Chain-GBR-PI,0.6
55,glass,0.14285714285714288,0.7986219380927669,6.0,Chain-GBR-PI,0.6
56,glass,-0.022222222222222223,0.7958837723185376,6.0,Chain-GBR-PI,0.6
57,glass,0.1428571428571429,0.7997752134061801,6.0,Chain-GBR-PI,0.6
58,glass,0.0031746031746031633,0.798094288292906,6.0,Chain-GBR-PI,0.6
59,glass,0.11111111111111112,0.7971057740298583,6.0,Chain-GBR-PI,0.6
60,glass,0.11515151515151514,0.7943356425163091,6.0,Chain-GBR-PI,0.6
61,glass,0.10303030303030303,0.796079104708677,6.0,Chain-GBR-PI,0.6
62,glass,0.16363636363636364,0.7949497241966436,6.0,Chain-GBR-PI,0.6
63,glass,-0.03636363636363638,0.7972892097856411,6.0,Chain-GBR-PI,0.6
64,glass,0.18730158730158733,0.7981990616438892,6.0,Chain-GBR-PI,0.6
65,glass,0.21904761904761907,0.7999190414978636,6.0,Chain-GBR-PI,0.6
66,glass,0.2507936507936508,0.796281497943134,6.0,Chain-GBR-PI,0.6
67,glass,0.2253968253968254,0.7984177127099028,6.0,Chain-GBR-PI,0.6
68,glass,0.1873015873015873,0.7972769105003638,6.0,Chain-GBR-PI,0.6
69,glass,0.11746031746031742,0.7998215207225368,6.0,Chain-GBR-PI,0.6
70,glass,0.13333333333333333,0.7978785007912299,6.0,Chain-GBR-PI,0.6
71,glass,0.18181818181818182,0.7948172752567688,6.0,Chain-GBR-PI,0.6
72,glass,0.13939393939393938,0.7962947048761495,6.0,Chain-GBR-PI,0.6
73,glass,0.21818181818181817,0.7952826937436319,6.0,Chain-GBR-PI,0.6
74,glass,0.21904761904761907,0.7973309005608661,6.0,Chain-GBR-PI,0.6
75,glass,0.1492063492063492,0.7980792774182938,6.0,Chain-GBR-PI,0.6
76,glass,0.17460317460317462,0.7977156705395901,6.0,Chain-GBR-PI,0.6
77,glass,0.04126984126984126,0.7996328232399215,6.0,Chain-GBR-PI,0.6
78,glass,0.028571428571428564,0.797672473523157,6.0,Chain-GBR-PI,0.6
79,glass,0.3079365079365079,0.7975206906315936,6.0,Chain-GBR-PI,0.6
80,glass,0.04242424242424241,0.7952581876124862,6.0,Chain-GBR-PI,0.6
81,glass,0.13939393939393943,0.7961216383230043,6.0,Chain-GBR-PI,0.6
82,glass,0.13939393939393943,0.7968341521310512,6.0,Chain-GBR-PI,0.6
83,glass,0.1393939393939394,0.7952537771115794,6.0,Chain-GBR-PI,0.6
84,glass,0.04761904761904761,0.8032569775741846,6.0,Chain-GBR-PI,0.6
85,glass,0.12380952380952381,0.8016473994170623,6.0,Chain-GBR-PI,0.6
86,glass,0.015873015873015865,0.7981569432077993,6.0,Chain-GBR-PI,0.6
87,glass,0.25079365079365085,0.7997732891363648,6.0,Chain-GBR-PI,0.6
88,glass,0.13650793650793652,0.7965560689683637,6.0,Chain-GBR-PI,0.6
89,glass,-0.01587301587301587,0.7992675165664246,6.0,Chain-GBR-PI,0.6
90,glass,0.048484848484848485,0.7975008959155226,6.0,Chain-GBR-PI,0.6
91,glass,0.22424242424242424,0.7959358523210294,6.0,Chain-GBR-PI,0.6
92,glass,0.030303030303030307,0.7964507919330758,6.0,Chain-GBR-PI,0.6
93,glass,0.2606060606060606,0.7978284527441609,6.0,Chain-GBR-PI,0.6
94,glass,0.21904761904761907,0.7971712193994676,6.0,Chain-GBR-PI,0.6
95,glass,0.26349206349206356,0.7997010591305275,6.0,Chain-GBR-PI,0.6
96,glass,-0.0031746031746031685,0.7995254823770969,6.0,Chain-GBR-PI,0.6
97,glass,0.16825396825396827,0.8006743932582261,6.0,Chain-GBR-PI,0.6
98,glass,0.1301587301587302,0.7973646744206668,6.0,Chain-GBR-PI,0.6
99,glass,0.14285714285714285,0.7977701912255737,6.0,Chain-GBR-PI,0.6
100,iris,0.2888888888888889,0.4177285398491215,3.0,Chain-GBR-PI,0.6
101,iris,0.15555555555555559,0.419480548965359,3.0,Chain-GBR-PI,0.6
102,iris,0.06666666666666667,0.41911286190068386,3.0,Chain-GBR-PI,0.6
103,iris,0.3777777777777778,0.41782645798724516,3.0,Chain-GBR-PI,0.6
104,iris,0.022222222222222213,0.4180459221170241,3.0,Chain-GBR-PI,0.6
105,iris,0.11111111111111109,0.41914214533508337,3.0,Chain-GBR-PI,0.6
106,iris,-0.022222222222222213,0.41712754645375794,3.0,Chain-GBR-PI,0.6
107,iris,-0.0666666666666667,0.4170701391807997,3.0,Chain-GBR-PI,0.6
108,iris,0.5555555555555556,0.4187397163377411,3.0,Chain-GBR-PI,0.6
109,iris,0.1111111111111111,0.41962732280807974,3.0,Chain-GBR-PI,0.6
110,iris,0.15555555555555556,0.41762234015856864,3.0,Chain-GBR-PI,0.6
111,iris,0.3777777777777777,0.41936149563144454,3.0,Chain-GBR-PI,0.6
112,iris,0.3777777777777777,0.4194378833890012,3.0,Chain-GBR-PI,0.6
113,iris,-0.2,0.41758282526257373,3.0,Chain-GBR-PI,0.6
114,iris,0.15555555555555553,0.4194648757933155,3.0,Chain-GBR-PI,0.6
115,iris,0.11111111111111112,0.42205684927852033,3.0,Chain-GBR-PI,0.6
116,iris,0.2444444444444444,0.4198692581984231,3.0,Chain-GBR-PI,0.6
117,iris,0.3777777777777778,0.4180830922073835,3.0,Chain-GBR-PI,0.6
118,iris,0.42222222222222217,0.417248488271887,3.0,Chain-GBR-PI,0.6
119,iris,0.15555555555555556,0.4184356091261766,3.0,Chain-GBR-PI,0.6
120,iris,0.06666666666666668,0.4184141715767372,3.0,Chain-GBR-PI,0.6
121,iris,0.28888888888888886,0.4185711743651836,3.0,Chain-GBR-PI,0.6
122,iris,0.24444444444444444,0.4188085230734453,3.0,Chain-GBR-PI,0.6
123,iris,0.24444444444444444,0.41766526903240353,3.0,Chain-GBR-PI,0.6
124,iris,0.4222222222222222,0.4176709147149283,3.0,Chain-GBR-PI,0.6
125,iris,0.33333333333333326,0.4172554936647224,3.0,Chain-GBR-PI,0.6
126,iris,-0.022222222222222244,0.4182685788112176,3.0,Chain-GBR-PI,0.6
127,iris,0.24444444444444444,0.42000877013586646,3.0,Chain-GBR-PI,0.6
128,iris,-0.022222222222222223,0.4174080533527451,3.0,Chain-GBR-PI,0.6
129,iris,0.19999999999999998,0.41789807129813733,3.0,Chain-GBR-PI,0.6
130,iris,0.06666666666666667,0.4177477803428319,3.0,Chain-GBR-PI,0.6
131,iris,0.2888888888888889,0.41840664553010126,3.0,Chain-GBR-PI,0.6
132,iris,0.33333333333333326,0.41790169538416766,3.0,Chain-GBR-PI,0.6
133,iris,0.02222222222222223,0.4178431008860178,3.0,Chain-GBR-PI,0.6
134,iris,0.2888888888888889,0.4179361518120064,3.0,Chain-GBR-PI,0.6
135,iris,0.15555555555555553,0.41847613434603637,3.0,Chain-GBR-PI,0.6
136,iris,0.15555555555555553,0.4192823165955253,3.0,Chain-GBR-PI,0.6
137,iris,0.022222222222222216,0.4181620032560673,3.0,Chain-GBR-PI,0.6
138,iris,0.15555555555555553,0.41819332488177685,3.0,Chain-GBR-PI,0.6
139,iris,0.02222222222222223,0.41787808867470677,3.0,Chain-GBR-PI,0.6
140,iris,0.3333333333333333,0.41769875144575164,3.0,Chain-GBR-PI,0.6
141,iris,0.28888888888888886,0.41713563385921787,3.0,Chain-GBR-PI,0.6
142,iris,0.2,0.41764443855539185,3.0,Chain-GBR-PI,0.6
143,iris,0.3333333333333333,0.4196815566137969,3.0,Chain-GBR-PI,0.6
144,iris,0.4222222222222222,0.418000959290031,3.0,Chain-GBR-PI,0.6
145,iris,-0.02222222222222223,0.4168612670517518,3.0,Chain-GBR-PI,0.6
146,iris,-0.15555555555555556,0.41820222143146957,3.0,Chain-GBR-PI,0.6
147,iris,0.3333333333333333,0.4192982351565747,3.0,Chain-GBR-PI,0.6
148,iris,0.06666666666666668,0.41883081189160765,3.0,Chain-GBR-PI,0.6
149,iris,-0.06666666666666667,0.4172020733350409,3.0,Chain-GBR-PI,0.6
150,letter,0.7151692307692308,10.762359196059373,26.0,Chain-GBR-PI,0.6
151,letter,0.7189876923076922,10.78153946312905,26.0,Chain-GBR-PI,0.6
152,letter,0.7163876923076923,10.77372374121498,26.0,Chain-GBR-PI,0.6
153,letter,0.7135107692307693,10.756319494743385,26.0,Chain-GBR-PI,0.6
154,letter,0.7154892307692308,10.78118361952809,26.0,Chain-GBR-PI,0.6
155,letter,0.7097353846153847,10.74798791127919,26.0,Chain-GBR-PI,0.6
156,letter,0.7136153846153847,10.753606462717888,26.0,Chain-GBR-PI,0.6
157,letter,0.7089169230769231,10.743459510371883,26.0,Chain-GBR-PI,0.6
158,letter,0.71864,10.74067417213681,26.0,Chain-GBR-PI,0.6
159,letter,0.7129938461538462,10.755227203922415,26.0,Chain-GBR-PI,0.6
160,letter,0.7092892307692307,10.748464111491819,26.0,Chain-GBR-PI,0.6
161,letter,0.7092123076923076,10.741208300605148,26.0,Chain-GBR-PI,0.6
162,letter,0.7105999999999999,10.747701657100498,26.0,Chain-GBR-PI,0.6
163,letter,0.7127507692307693,10.745629371469771,26.0,Chain-GBR-PI,0.6
164,letter,0.7196246153846155,10.757498605809253,26.0,Chain-GBR-PI,0.6
165,letter,0.7168953846153845,10.740158775363202,26.0,Chain-GBR-PI,0.6
166,letter,0.7107538461538462,10.757951469958595,26.0,Chain-GBR-PI,0.6
167,letter,0.7086523076923077,10.748876220749416,26.0,Chain-GBR-PI,0.6
168,letter,0.7120738461538463,10.769048683100236,26.0,Chain-GBR-PI,0.6
169,letter,0.7179969230769231,10.755145160897747,26.0,Chain-GBR-PI,0.6
170,letter,0.712956923076923,10.752386720818494,26.0,Chain-GBR-PI,0.6
171,letter,0.7108276923076923,10.7482260173953,26.0,Chain-GBR-PI,0.6
172,letter,0.7210030769230769,10.756419648097589,26.0,Chain-GBR-PI,0.6
173,letter,0.7082184615384615,10.744192232037012,26.0,Chain-GBR-PI,0.6
174,letter,0.71196,10.73478579297196,26.0,Chain-GBR-PI,0.6
175,letter,0.7154615384615385,10.70051722745087,26.0,Chain-GBR-PI,0.6
176,letter,0.7158338461538462,10.70843311399964,26.0,Chain-GBR-PI,0.6
177,letter,0.7041938461538462,10.699959408100316,26.0,Chain-GBR-PI,0.6
178,letter,0.7170276923076923,10.707403615956727,26.0,Chain-GBR-PI,0.6
179,letter,0.717123076923077,10.710097003014983,26.0,Chain-GBR-PI,0.6
180,letter,0.711843076923077,10.72972050744922,26.0,Chain-GBR-PI,0.6
181,letter,0.7116461538461538,10.723569271515949,26.0,Chain-GBR-PI,0.6
182,letter,0.7123815384615384,10.732016041127675,26.0,Chain-GBR-PI,0.6
183,letter,0.7113569230769231,10.729790933565713,26.0,Chain-GBR-PI,0.6
184,letter,0.7090553846153845,10.734695423438154,26.0,Chain-GBR-PI,0.6
185,letter,0.7126061538461538,10.726554143945407,26.0,Chain-GBR-PI,0.6
186,letter,0.7189292307692308,10.736724667188868,26.0,Chain-GBR-PI,0.6
187,letter,0.7108,10.737617377985583,26.0,Chain-GBR-PI,0.6
188,letter,0.7175446153846154,10.723734327837704,26.0,Chain-GBR-PI,0.6
189,letter,0.7156553846153846,10.720520217929929,26.0,Chain-GBR-PI,0.6
190,letter,0.7181600000000001,10.725781663775683,26.0,Chain-GBR-PI,0.6
191,letter,0.7118523076923077,10.737382079027581,26.0,Chain-GBR-PI,0.6
192,letter,0.7079323076923076,10.732330525056021,26.0,Chain-GBR-PI,0.6
193,letter,0.7155846153846154,10.745995970640589,26.0,Chain-GBR-PI,0.6
194,letter,0.7117169230769232,10.732426679136005,26.0,Chain-GBR-PI,0.6
195,letter,0.7111692307692308,10.745056386126594,26.0,Chain-GBR-PI,0.6
196,letter,0.7090276923076924,10.746796955046374,26.0,Chain-GBR-PI,0.6
197,letter,0.7091292307692307,10.74711741510407,26.0,Chain-GBR-PI,0.6
198,letter,0.7073784615384616,10.744711783709125,26.0,Chain-GBR-PI,0.6
199,letter,0.7111446153846155,10.749653900567704,26.0,Chain-GBR-PI,0.6
200,libras,0.3031746031746032,4.2904416548852735,15.0,Chain-GBR-PI,0.6
201,libras,0.2417989417989418,4.281743972031795,15.0,Chain-GBR-PI,0.6
202,libras,0.2783068783068783,4.291832553351728,15.0,Chain-GBR-PI,0.6
203,libras,0.31587301587301586,4.306504189712687,15.0,Chain-GBR-PI,0.6
204,libras,0.28095238095238095,4.3411801560149295,15.0,Chain-GBR-PI,0.6
205,libras,0.23915343915343915,4.311557907187301,15.0,Chain-GBR-PI,0.6
206,libras,0.3216931216931217,4.286138288478021,15.0,Chain-GBR-PI,0.6
207,libras,0.18677248677248678,4.338157316188239,15.0,Chain-GBR-PI,0.6
208,libras,0.2767195767195767,4.297442336206471,15.0,Chain-GBR-PI,0.6
209,libras,0.2862433862433862,4.278700482971839,15.0,Chain-GBR-PI,0.6
210,libras,0.2915343915343916,4.302021535978271,15.0,Chain-GBR-PI,0.6
211,libras,0.237037037037037,4.306295105659537,15.0,Chain-GBR-PI,0.6
212,libras,0.3052910052910053,4.277314552844079,15.0,Chain-GBR-PI,0.6
213,libras,0.28148148148148144,4.310976722623767,15.0,Chain-GBR-PI,0.6
214,libras,0.2968253968253968,4.315633087508911,15.0,Chain-GBR-PI,0.6
215,libras,0.21746031746031746,4.320549722546768,15.0,Chain-GBR-PI,0.6
216,libras,0.3126984126984127,4.276584645372786,15.0,Chain-GBR-PI,0.6
217,libras,0.335978835978836,4.267158673402783,15.0,Chain-GBR-PI,0.6
218,libras,0.3142857142857143,4.297312377985903,15.0,Chain-GBR-PI,0.6
219,libras,0.3052910052910053,4.297204323632971,15.0,Chain-GBR-PI,0.6
220,libras,0.22804232804232802,4.298557039165742,15.0,Chain-GBR-PI,0.6
221,libras,0.2142857142857143,4.336112618689015,15.0,Chain-GBR-PI,0.6
222,libras,0.301058201058201,4.274414942883799,15.0,Chain-GBR-PI,0.6
223,libras,0.27724867724867724,4.281205479884648,15.0,Chain-GBR-PI,0.6
224,libras,0.2608465608465609,4.3209226765794115,15.0,Chain-GBR-PI,0.6
225,libras,0.29523809523809524,4.302225303145073,15.0,Chain-GBR-PI,0.6
226,libras,0.30000000000000004,4.293221248079505,15.0,Chain-GBR-PI,0.6
227,libras,0.2571428571428571,4.29163848629394,15.0,Chain-GBR-PI,0.6
228,libras,0.24285714285714288,4.277991911398154,15.0,Chain-GBR-PI,0.6
229,libras,0.27037037037037037,4.341323431741516,15.0,Chain-GBR-PI,0.6
230,libras,0.31164021164021166,4.307041438035652,15.0,Chain-GBR-PI,0.6
231,libras,0.3137566137566138,4.274934192125721,15.0,Chain-GBR-PI,0.6
232,libras,0.3232804232804233,4.295846761005483,15.0,Chain-GBR-PI,0.6
233,libras,0.27619047619047626,4.288366349439067,15.0,Chain-GBR-PI,0.6
234,libras,0.29841269841269846,4.297627870929503,15.0,Chain-GBR-PI,0.6
235,libras,0.2936507936507937,4.2869901830957975,15.0,Chain-GBR-PI,0.6
236,libras,0.24444444444444435,4.323169991454489,15.0,Chain-GBR-PI,0.6
237,libras,0.26560846560846557,4.332721278595338,15.0,Chain-GBR-PI,0.6
238,libras,0.2830687830687831,4.330475276684598,15.0,Chain-GBR-PI,0.6
239,libras,0.3206349206349206,4.284193938298781,15.0,Chain-GBR-PI,0.6
240,libras,0.2608465608465609,4.269704102629353,15.0,Chain-GBR-PI,0.6
241,libras,0.3291005291005291,4.27412999837695,15.0,Chain-GBR-PI,0.6
242,libras,0.3005291005291005,4.302906138995051,15.0,Chain-GBR-PI,0.6
243,libras,0.2687830687830688,4.280343703959108,15.0,Chain-GBR-PI,0.6
244,libras,0.31957671957671957,4.271775863034542,15.0,Chain-GBR-PI,0.6
245,libras,0.2682539682539682,4.274225212014267,15.0,Chain-GBR-PI,0.6
246,libras,0.3243386243386243,4.279228891635632,15.0,Chain-GBR-PI,0.6
247,libras,0.24126984126984125,4.278352604449526,15.0,Chain-GBR-PI,0.6
248,libras,0.29947089947089944,4.3176886131353145,15.0,Chain-GBR-PI,0.6
249,libras,0.2873015873015872,4.32175937137346,15.0,Chain-GBR-PI,0.6
250,pendigits,0.5682828282828283,5.196042114437501,10.0,Chain-GBR-PI,0.6
251,pendigits,0.5714343434343434,5.21104978943928,10.0,Chain-GBR-PI,0.6
252,pendigits,0.5815185522191892,5.212122786543994,10.0,Chain-GBR-PI,0.6
253,pendigits,0.564776059043575,5.206593524082057,10.0,Chain-GBR-PI,0.6
254,pendigits,0.5664745728439996,5.21449323961978,10.0,Chain-GBR-PI,0.6
255,pendigits,0.5721767263168537,5.21030012580581,10.0,Chain-GBR-PI,0.6
256,pendigits,0.556809220503488,5.207896474678502,10.0,Chain-GBR-PI,0.6
257,pendigits,0.5848751390152664,5.192435369456294,10.0,Chain-GBR-PI,0.6
258,pendigits,0.570478212516429,5.194907442291366,10.0,Chain-GBR-PI,0.6
259,pendigits,0.5905772924881204,5.194394545854024,10.0,Chain-GBR-PI,0.6
260,pendigits,0.570060606060606,5.198409019785631,10.0,Chain-GBR-PI,0.6
261,pendigits,0.5794343434343434,5.194028892102556,10.0,Chain-GBR-PI,0.6
262,pendigits,0.5723384895359418,5.194206471443627,10.0,Chain-GBR-PI,0.6
263,pendigits,0.570276008492569,5.192401737444687,10.0,Chain-GBR-PI,0.6
264,pendigits,0.5675260337680721,5.195631096697935,10.0,Chain-GBR-PI,0.6
265,pendigits,0.5671620665251239,5.196397431682013,10.0,Chain-GBR-PI,0.6
266,pendigits,0.5903750884642605,5.193852739441672,10.0,Chain-GBR-PI,0.6
267,pendigits,0.5669194216964918,5.1917640594492385,10.0,Chain-GBR-PI,0.6
268,pendigits,0.5584268526943686,5.193484270217446,10.0,Chain-GBR-PI,0.6
269,pendigits,0.5722980487311697,5.193175166699844,10.0,Chain-GBR-PI,0.6
270,pendigits,0.5694141414141415,5.194418670844749,10.0,Chain-GBR-PI,0.6
271,pendigits,0.5614141414141415,5.194090165083076,10.0,Chain-GBR-PI,0.6
272,pendigits,0.5688201395207765,5.1962622196172354,10.0,Chain-GBR-PI,0.6
273,pendigits,0.5543018906076232,5.19444198927869,10.0,Chain-GBR-PI,0.6
274,pendigits,0.5825295723384896,5.1883496041583745,10.0,Chain-GBR-PI,0.6
275,pendigits,0.556728338893944,5.195653652906842,10.0,Chain-GBR-PI,0.6
276,pendigits,0.5735112728743303,5.192361705232714,10.0,Chain-GBR-PI,0.6
277,pendigits,0.5856030735011627,5.192391334735297,10.0,Chain-GBR-PI,0.6
278,pendigits,0.5630775452431505,5.1920191648320575,10.0,Chain-GBR-PI,0.6
279,pendigits,0.5691032251541805,5.197819077649615,10.0,Chain-GBR-PI,0.6
280,pendigits,0.5675151515151515,5.195753135786235,10.0,Chain-GBR-PI,0.6
281,pendigits,0.5677575757575757,5.200160870398827,10.0,Chain-GBR-PI,0.6
282,pendigits,0.5733090688504701,5.191879176363369,10.0,Chain-GBR-PI,0.6
283,pendigits,0.5769083004751796,5.191697737547178,10.0,Chain-GBR-PI,0.6
284,pendigits,0.5885552522495198,5.189269038212725,10.0,Chain-GBR-PI,0.6
285,pendigits,0.5760590435749671,5.193747079904826,10.0,Chain-GBR-PI,0.6
286,pendigits,0.569871600444849,5.188435866615694,10.0,Chain-GBR-PI,0.6
287,pendigits,0.581114144171469,5.186677775511226,10.0,Chain-GBR-PI,0.6
288,pendigits,0.5866545344252351,5.19548986535406,10.0,Chain-GBR-PI,0.6
289,pendigits,0.5694267515923568,5.1903006153787965,10.0,Chain-GBR-PI,0.6
290,pendigits,0.5665858585858585,5.199640471802117,10.0,Chain-GBR-PI,0.6
291,pendigits,0.5848888888888889,5.187815128645707,10.0,Chain-GBR-PI,0.6
292,pendigits,0.5815994338287332,5.194181481908353,10.0,Chain-GBR-PI,0.6
293,pendigits,0.5749671418461227,5.19335298434252,10.0,Chain-GBR-PI,0.6
294,pendigits,0.5803457688808008,5.189068494148812,10.0,Chain-GBR-PI,0.6
295,pendigits,0.575371549893843,5.190998928337862,10.0,Chain-GBR-PI,0.6
296,pendigits,0.5722171671216257,5.188083467524714,10.0,Chain-GBR-PI,0.6
297,pendigits,0.556607016479628,5.192307774777035,10.0,Chain-GBR-PI,0.6
298,pendigits,0.5533313112930948,5.193161969356572,10.0,Chain-GBR-PI,0.6
299,pendigits,0.5763421292083714,5.191948969120477,10.0,Chain-GBR-PI,0.6
300,segment,0.5658627087198514,2.8221792296015127,7.0,Chain-GBR-PI,0.6
301,segment,0.5798804370232941,2.8253523123657227,7.0,Chain-GBR-PI,0.6
302,segment,0.5901875901875901,2.82759949233194,7.0,Chain-GBR-PI,0.6
303,segment,0.536178107606679,2.825820719719487,7.0,Chain-GBR-PI,0.6
304,segment,0.5889507318078746,2.8196117713193907,7.0,Chain-GBR-PI,0.6
305,segment,0.5539064110492682,2.833344493174003,7.0,Chain-GBR-PI,0.6
306,segment,0.5514326942898371,2.82405276632289,7.0,Chain-GBR-PI,0.6
307,segment,0.5868893011750154,2.8474776123834733,7.0,Chain-GBR-PI,0.6
308,segment,0.5782312925170068,2.84716187878636,7.0,Chain-GBR-PI,0.6
309,segment,0.5728715728715728,2.821827494378105,7.0,Chain-GBR-PI,0.6
310,segment,0.5798804370232941,2.826450056874978,7.0,Chain-GBR-PI,0.6
311,segment,0.5563801278086992,2.821632069030826,7.0,Chain-GBR-PI,0.6
312,segment,0.5703978561121418,2.8205944221017143,7.0,Chain-GBR-PI,0.6
313,segment,0.5835910121624407,2.824504605768013,7.0,Chain-GBR-PI,0.6
314,segment,0.5943104514533085,2.8259061155666347,7.0,Chain-GBR-PI,0.6
315,segment,0.5600907029478457,2.8301809996878835,7.0,Chain-GBR-PI,0.6
316,segment,0.5543186971758401,2.821389266650492,7.0,Chain-GBR-PI,0.6
317,segment,0.5324675324675324,2.8206839197291242,7.0,Chain-GBR-PI,0.6
318,segment,0.5522572665429808,2.824653786222942,7.0,Chain-GBR-PI,0.6
319,segment,0.5728715728715728,2.824610089911092,7.0,Chain-GBR-PI,0.6
320,segment,0.5485466914038343,2.8192410526587732,7.0,Chain-GBR-PI,0.6
321,segment,0.5860647289218717,2.8219516711007246,7.0,Chain-GBR-PI,0.6
322,segment,0.5654504225932797,2.82297358293613,7.0,Chain-GBR-PI,0.6
323,segment,0.5551432694289837,2.8226942827672934,7.0,Chain-GBR-PI,0.6
324,segment,0.513090084518656,2.843953755077899,7.0,Chain-GBR-PI,0.6
325,segment,0.6017316017316018,2.831025870769237,7.0,Chain-GBR-PI,0.6
326,segment,0.5168006596578025,2.85090252481515,7.0,Chain-GBR-PI,0.6
327,segment,0.5238095238095238,2.8201473941915873,7.0,Chain-GBR-PI,0.6
328,segment,0.551432694289837,2.8225984266287987,7.0,Chain-GBR-PI,0.6
329,segment,0.5732838589981448,2.8234892062882935,7.0,Chain-GBR-PI,0.6
330,segment,0.5679241393527107,2.8299199822603307,7.0,Chain-GBR-PI,0.6
331,segment,0.544423830138116,2.8300825277703785,7.0,Chain-GBR-PI,0.6
332,segment,0.5703978561121417,2.826579135624701,7.0,Chain-GBR-PI,0.6
333,segment,0.5423623995052567,2.82846098240552,7.0,Chain-GBR-PI,0.6
334,segment,0.5506081220366934,2.830137099150311,7.0,Chain-GBR-PI,0.6
335,segment,0.5976087404658832,2.8280076179271236,7.0,Chain-GBR-PI,0.6
336,segment,0.5506081220366935,2.827049624078366,7.0,Chain-GBR-PI,0.6
337,segment,0.579880437023294,2.8238479043717812,7.0,Chain-GBR-PI,0.6
338,segment,0.5576169861884147,2.8306498160303466,7.0,Chain-GBR-PI,0.6
339,segment,0.562152133580705,2.831173692487851,7.0,Chain-GBR-PI,0.6
340,segment,0.5703978561121418,2.8223845335035778,7.0,Chain-GBR-PI,0.6
341,segment,0.5559678416821274,2.830866857688704,7.0,Chain-GBR-PI,0.6
342,segment,0.5580292723149866,2.848143559938347,7.0,Chain-GBR-PI,0.6
343,segment,0.554730983302412,2.8306890638130313,7.0,Chain-GBR-PI,0.6
344,segment,0.5724592867450009,2.833448070816471,7.0,Chain-GBR-PI,0.6
345,segment,0.5703978561121418,2.8452160116611935,7.0,Chain-GBR-PI,0.6
346,segment,0.5196866625438055,2.830651104601935,7.0,Chain-GBR-PI,0.6
347,segment,0.5551432694289836,2.8210911653121444,7.0,Chain-GBR-PI,0.6
348,segment,0.5877138734281592,2.820460122043692,7.0,Chain-GBR-PI,0.6
349,segment,0.5658627087198516,2.830976968648289,7.0,Chain-GBR-PI,0.6
350,vehicle,0.4862745098039215,1.1192004883069318,4.0,Chain-GBR-PI,0.6
351,vehicle,0.4784313725490196,1.1171717593913573,4.0,Chain-GBR-PI,0.6
352,vehicle,0.5294117647058824,1.1183540485805192,4.0,Chain-GBR-PI,0.6
353,vehicle,0.5372549019607844,1.1207395357558327,4.0,Chain-GBR-PI,0.6
354,vehicle,0.4117647058823529,1.120983325918939,4.0,Chain-GBR-PI,0.6
355,vehicle,0.44313725490196065,1.118146801200007,4.0,Chain-GBR-PI,0.6
356,vehicle,0.5198412698412698,1.1175354204759287,4.0,Chain-GBR-PI,0.6
357,vehicle,0.40079365079365076,1.1164218194630349,4.0,Chain-GBR-PI,0.6
358,vehicle,0.4960317460317461,1.1189808112741455,4.0,Chain-GBR-PI,0.6
359,vehicle,0.40079365079365076,1.1144300736377546,4.0,Chain-GBR-PI,0.6
360,vehicle,0.43921568627450974,1.119508095543922,4.0,Chain-GBR-PI,0.6
361,vehicle,0.32941176470588235,1.11817757937224,4.0,Chain-GBR-PI,0.6
362,vehicle,0.4705882352941176,1.1216423008250804,4.0,Chain-GBR-PI,0.6
363,vehicle,0.4862745098039216,1.1180542634533588,4.0,Chain-GBR-PI,0.6
364,vehicle,0.4901960784313724,1.114601533740381,4.0,Chain-GBR-PI,0.6
365,vehicle,0.45098039215686275,1.1221867803638956,4.0,Chain-GBR-PI,0.6
366,vehicle,0.5634920634920635,1.1191583703999244,4.0,Chain-GBR-PI,0.6
367,vehicle,0.496031746031746,1.1170722903948784,4.0,Chain-GBR-PI,0.6
368,vehicle,0.43253968253968256,1.119022096733587,4.0,Chain-GBR-PI,0.6
369,vehicle,0.44444444444444436,1.1142091854630145,4.0,Chain-GBR-PI,0.6
370,vehicle,0.4549019607843138,1.1196381036014245,4.0,Chain-GBR-PI,0.6
371,vehicle,0.5137254901960785,1.1145365149005575,4.0,Chain-GBR-PI,0.6
372,vehicle,0.4823529411764705,1.1172087571378406,4.0,Chain-GBR-PI,0.6
373,vehicle,0.4823529411764706,1.118815906658436,4.0,Chain-GBR-PI,0.6
374,vehicle,0.46274509803921565,1.1145928216305478,4.0,Chain-GBR-PI,0.6
375,vehicle,0.4313725490196078,1.1206436195403402,4.0,Chain-GBR-PI,0.6
376,vehicle,0.43253968253968256,1.1197431794966672,4.0,Chain-GBR-PI,0.6
377,vehicle,0.5436507936507936,1.1162051393036254,4.0,Chain-GBR-PI,0.6
378,vehicle,0.376984126984127,1.1148883661536328,4.0,Chain-GBR-PI,0.6
379,vehicle,0.5436507936507937,1.1164742303290385,4.0,Chain-GBR-PI,0.6
380,vehicle,0.4,1.1197412732247745,4.0,Chain-GBR-PI,0.6
381,vehicle,0.4470588235294118,1.1188585138422555,4.0,Chain-GBR-PI,0.6
382,vehicle,0.45882352941176463,1.122569621903282,4.0,Chain-GBR-PI,0.6
383,vehicle,0.5254901960784314,1.1168403740083077,4.0,Chain-GBR-PI,0.6
384,vehicle,0.396078431372549,1.1167203674088109,4.0,Chain-GBR-PI,0.6
385,vehicle,0.4784313725490195,1.120618031260981,4.0,Chain-GBR-PI,0.6
386,vehicle,0.5674603174603176,1.1205626649151075,4.0,Chain-GBR-PI,0.6
387,vehicle,0.5515873015873015,1.1168744513356494,4.0,Chain-GBR-PI,0.6
388,vehicle,0.6309523809523808,1.1201883172011828,4.0,Chain-GBR-PI,0.6
389,vehicle,0.5079365079365079,1.1192473377118994,4.0,Chain-GBR-PI,0.6
390,vehicle,0.5411764705882353,1.1146483983700253,4.0,Chain-GBR-PI,0.6
391,vehicle,0.34509803921568627,1.1218808270040503,4.0,Chain-GBR-PI,0.6
392,vehicle,0.41960784313725485,1.1157112283246615,4.0,Chain-GBR-PI,0.6
393,vehicle,0.4509803921568627,1.118986113425397,4.0,Chain-GBR-PI,0.6
394,vehicle,0.47450980392156855,1.1186893451863982,4.0,Chain-GBR-PI,0.6
395,vehicle,0.5176470588235295,1.1149181795194318,4.0,Chain-GBR-PI,0.6
396,vehicle,0.40476190476190477,1.1166379395323323,4.0,Chain-GBR-PI,0.6
397,vehicle,0.492063492063492,1.1157928010950438,4.0,Chain-GBR-PI,0.6
398,vehicle,0.4682539682539682,1.1204218205694148,4.0,Chain-GBR-PI,0.6
399,vehicle,0.4722222222222221,1.1161030575009643,4.0,Chain-GBR-PI,0.6
400,vowel,0.41612349914236707,1.8001184516649866,11.0,Chain-GBR-PI,0.6
401,vowel,0.41406518010291604,1.801406815518198,11.0,Chain-GBR-PI,0.6
402,vowel,0.3873070325900514,1.8036218575463407,11.0,Chain-GBR-PI,0.6
403,vowel,0.4236706689536879,1.7994782679909245,11.0,Chain-GBR-PI,0.6
404,vowel,0.39210977701543737,1.8045254813842295,11.0,Chain-GBR-PI,0.6
405,vowel,0.4133790737564322,1.8123745763440242,11.0,Chain-GBR-PI,0.6
406,vowel,0.39759862778730704,1.8193288754396775,11.0,Chain-GBR-PI,0.6
407,vowel,0.42572898799313885,1.8149206475830029,11.0,Chain-GBR-PI,0.6
408,vowel,0.42237762237762233,1.8018403605867719,11.0,Chain-GBR-PI,0.6
409,vowel,0.39440559440559453,1.8187115021443305,11.0,Chain-GBR-PI,0.6
410,vowel,0.33241852487135504,1.8039474224652712,11.0,Chain-GBR-PI,0.6
411,vowel,0.40445969125214404,1.81331862148063,11.0,Chain-GBR-PI,0.6
412,vowel,0.392795883361921,1.8013098264798033,11.0,Chain-GBR-PI,0.6
413,vowel,0.3989708404802744,1.804601930069029,11.0,Chain-GBR-PI,0.6
414,vowel,0.3900514579759863,1.7993840157010366,11.0,Chain-GBR-PI,0.6
415,vowel,0.43876500857632933,1.80147214825969,11.0,Chain-GBR-PI,0.6
416,vowel,0.43259005145797597,1.8031847575949167,11.0,Chain-GBR-PI,0.6
417,vowel,0.3934819897084048,1.8025679116250517,11.0,Chain-GBR-PI,0.6
418,vowel,0.4643356643356643,1.799679975725052,11.0,Chain-GBR-PI,0.6
419,vowel,0.40629370629370626,1.800835719869929,11.0,Chain-GBR-PI,0.6
420,vowel,0.3502572898799314,1.804046664592488,11.0,Chain-GBR-PI,0.6
421,vowel,0.42641509433962266,1.8008007963062544,11.0,Chain-GBR-PI,0.6
422,vowel,0.44631217838764997,1.7995304268134256,11.0,Chain-GBR-PI,0.6
423,vowel,0.4051457975986278,1.7992750695739121,11.0,Chain-GBR-PI,0.6
424,vowel,0.3735849056603774,1.7985748822283656,11.0,Chain-GBR-PI,0.6
425,vowel,0.434648370497427,1.8052628409644382,11.0,Chain-GBR-PI,0.6
426,vowel,0.38524871355060036,1.8017207513883347,11.0,Chain-GBR-PI,0.6
427,vowel,0.4319039451114923,1.8043730027322833,11.0,Chain-GBR-PI,0.6
428,vowel,0.4272727272727272,1.813689472862489,11.0,Chain-GBR-PI,0.6
429,vowel,0.458041958041958,1.801740867045947,11.0,Chain-GBR-PI,0.6
430,vowel,0.3989708404802743,1.8026711588714461,11.0,Chain-GBR-PI,0.6
431,vowel,0.4264150943396226,1.80377899282856,11.0,Chain-GBR-PI,0.6
432,vowel,0.4264150943396226,1.8134193781315306,11.0,Chain-GBR-PI,0.6
433,vowel,0.3756432246998284,1.8001625909850947,11.0,Chain-GBR-PI,0.6
434,vowel,0.35506003430531735,1.8006041236303094,11.0,Chain-GBR-PI,0.6
435,vowel,0.39073756432247003,1.8029980435343738,11.0,Chain-GBR-PI,0.6
436,vowel,0.4367066895368782,1.8121829079883138,11.0,Chain-GBR-PI,0.6
437,vowel,0.43807890222984563,1.798250510352363,11.0,Chain-GBR-PI,0.6
438,vowel,0.35944055944055947,1.8013254422858236,11.0,Chain-GBR-PI,0.6
439,vowel,0.4426573426573427,1.8018795403754853,11.0,Chain-GBR-PI,0.6
440,vowel,0.4360205831903946,1.8043988641647228,11.0,Chain-GBR-PI,0.6
441,vowel,0.385934819897084,1.8053047922720504,11.0,Chain-GBR-PI,0.6
442,vowel,0.4222984562607204,1.7989610020789917,11.0,Chain-GBR-PI,0.6
443,vowel,0.4188679245283018,1.8196932408979816,11.0,Chain-GBR-PI,0.6
444,vowel,0.36740994854202397,1.8000461121948295,11.0,Chain-GBR-PI,0.6
445,vowel,0.4634648370497428,1.8011204695868661,11.0,Chain-GBR-PI,0.6
446,vowel,0.4250428816466554,1.8031902414905523,11.0,Chain-GBR-PI,0.6
447,vowel,0.3893653516295026,1.7991594726371547,11.0,Chain-GBR-PI,0.6
448,vowel,0.38461538461538464,1.8005846095042748,11.0,Chain-GBR-PI,0.6
449,vowel,0.4566433566433566,1.8017258734314543,11.0,Chain-GBR-PI,0.6
450,wine,0.2962962962962963,0.6260139838461779,3.0,Chain-GBR-PI,0.6
451,wine,0.1111111111111111,0.6254832771850788,3.0,Chain-GBR-PI,0.6
452,wine,0.07407407407407406,0.6273854222350864,3.0,Chain-GBR-PI,0.6
453,wine,0.18518518518518517,0.6259721231470531,3.0,Chain-GBR-PI,0.6
454,wine,0.3333333333333333,0.6244522695844694,3.0,Chain-GBR-PI,0.6
455,wine,0.1111111111111111,0.6265541086094278,3.0,Chain-GBR-PI,0.6
456,wine,0.22222222222222218,0.6258051078316055,3.0,Chain-GBR-PI,0.6
457,wine,0.1111111111111111,0.6279446655143778,3.0,Chain-GBR-PI,0.6
458,wine,0.2549019607843137,0.6254357448777378,3.0,Chain-GBR-PI,0.6
459,wine,0.2549019607843137,0.6266201736630976,3.0,Chain-GBR-PI,0.6
460,wine,0.037037037037037056,0.625770652842521,3.0,Chain-GBR-PI,0.6
461,wine,0.25925925925925924,0.625621674039774,3.0,Chain-GBR-PI,0.6
462,wine,0.2222222222222222,0.6257715437641019,3.0,Chain-GBR-PI,0.6
463,wine,-0.1111111111111111,0.6312778311022227,3.0,Chain-GBR-PI,0.6
464,wine,0.1851851851851852,0.625732827967848,3.0,Chain-GBR-PI,0.6
465,wine,0.14814814814814814,0.6262201385885895,3.0,Chain-GBR-PI,0.6
466,wine,0.2592592592592593,0.6306379626956266,3.0,Chain-GBR-PI,0.6
467,wine,0.2962962962962962,0.630365912787719,3.0,Chain-GBR-PI,0.6
468,wine,0.3333333333333333,0.6277526073046108,3.0,Chain-GBR-PI,0.6
469,wine,0.13725490196078427,0.6272747787058782,3.0,Chain-GBR-PI,0.6
470,wine,0.37037037037037035,0.6257226718000827,3.0,Chain-GBR-PI,0.6
471,wine,0.4444444444444444,0.6274073907893922,3.0,Chain-GBR-PI,0.6
472,wine,0.2222222222222222,0.6320352070581979,3.0,Chain-GBR-PI,0.6
473,wine,0.1111111111111111,0.6258368205966034,3.0,Chain-GBR-PI,0.6
474,wine,0.2222222222222222,0.630689319727354,3.0,Chain-GBR-PI,0.6
475,wine,0.2962962962962963,0.6260613987557979,3.0,Chain-GBR-PI,0.6
476,wine,0.5555555555555557,0.6273932650017034,3.0,Chain-GBR-PI,0.6
477,wine,0.14814814814814814,0.6263585969639455,3.0,Chain-GBR-PI,0.6
478,wine,0.6862745098039216,0.6284677350831767,3.0,Chain-GBR-PI,0.6
479,wine,0.13725490196078433,0.6276526802313196,3.0,Chain-GBR-PI,0.6
480,wine,0.14814814814814817,0.625426073195161,3.0,Chain-GBR-PI,0.6
481,wine,0.2222222222222222,0.6280136088934514,3.0,Chain-GBR-PI,0.6
482,wine,0.33333333333333326,0.6270613861438533,3.0,Chain-GBR-PI,0.6
483,wine,0.2962962962962963,0.62416496214828,3.0,Chain-GBR-PI,0.6
484,wine,0.2962962962962962,0.6270628588745623,3.0,Chain-GBR-PI,0.6
485,wine,0.2222222222222222,0.6310643524750214,3.0,Chain-GBR-PI,0.6
486,wine,0.1111111111111111,0.6274251150454253,3.0,Chain-GBR-PI,0.6
487,wine,0.4444444444444444,0.6255634196285857,3.0,Chain-GBR-PI,0.6
488,wine,-0.019607843137254905,0.6289165350027841,3.0,Chain-GBR-PI,0.6
489,wine,0.4117647058823529,0.6295079531083866,3.0,Chain-GBR-PI,0.6
490,wine,0.07407407407407407,0.6266778534448973,3.0,Chain-GBR-PI,0.6
491,wine,0.2592592592592593,0.6256709334651208,3.0,Chain-GBR-PI,0.6
492,wine,0.2222222222222222,0.62623115859868,3.0,Chain-GBR-PI,0.6
493,wine,0.6296296296296297,0.6291895111960499,3.0,Chain-GBR-PI,0.6
494,wine,0.2962962962962963,0.631702750518214,3.0,Chain-GBR-PI,0.6
495,wine,-0.11111111111111109,0.6294352007885281,3.0,Chain-GBR-PI,0.6
496,wine,0.14814814814814817,0.625032270378865,3.0,Chain-GBR-PI,0.6
497,wine,-0.03703703703703706,0.6280057881939817,3.0,Chain-GBR-PI,0.6
498,wine,0.37254901960784315,0.6309511930103044,3.0,Chain-GBR-PI,0.6
499,wine,0.2156862745098039,0.6307861816939819,3.0,Chain-GBR-PI,0.6
500,yeast,0.33243847874720356,1.5001693947712333,10.0,Chain-GBR-PI,0.6
501,yeast,0.35480984340044736,1.502653059755432,10.0,Chain-GBR-PI,0.6
502,yeast,0.3330350484712901,1.4982180251867052,10.0,Chain-GBR-PI,0.6
503,yeast,0.3303504847129008,1.4997143551249954,10.0,Chain-GBR-PI,0.6
504,yeast,0.3528528528528528,1.5094730825644782,10.0,Chain-GBR-PI,0.6
505,yeast,0.28798798798798797,1.5050113365182864,10.0,Chain-GBR-PI,0.6
506,yeast,0.3171171171171171,1.5244204721813968,10.0,Chain-GBR-PI,0.6
507,yeast,0.2990990990990991,1.5009524955841254,10.0,Chain-GBR-PI,0.6
508,yeast,0.30360360360360356,1.503957631054732,10.0,Chain-GBR-PI,0.6
509,yeast,0.2711711711711711,1.5020305146574786,10.0,Chain-GBR-PI,0.6
510,yeast,0.32587621178225207,1.5013890038890918,10.0,Chain-GBR-PI,0.6
511,yeast,0.32468307233407895,1.4971364814276509,10.0,Chain-GBR-PI,0.6
512,yeast,0.3261744966442953,1.5048451827392673,10.0,Chain-GBR-PI,0.6
513,yeast,0.2903803131991051,1.5019803340994866,10.0,Chain-GBR-PI,0.6
514,yeast,0.3405405405405405,1.5022872877759263,10.0,Chain-GBR-PI,0.6
515,yeast,0.3066066066066066,1.5041092872576063,10.0,Chain-GBR-PI,0.6
516,yeast,0.26816816816816813,1.4956165233761458,10.0,Chain-GBR-PI,0.6
517,yeast,0.2942942942942943,1.5004436207239238,10.0,Chain-GBR-PI,0.6
518,yeast,0.22612612612612615,1.504057936035858,10.0,Chain-GBR-PI,0.6
519,yeast,0.3012012012012012,1.4996887310305311,10.0,Chain-GBR-PI,0.6
520,yeast,0.39000745712155105,1.4999090829125417,10.0,Chain-GBR-PI,0.6
521,yeast,0.4120805369127517,1.4992836009248542,10.0,Chain-GBR-PI,0.6
522,yeast,0.3178225205070842,1.5016207686926857,10.0,Chain-GBR-PI,0.6
523,yeast,0.330648769574944,1.5000153652497876,10.0,Chain-GBR-PI,0.6
524,yeast,0.30570570570570565,1.4986624519732137,10.0,Chain-GBR-PI,0.6
525,yeast,0.26936936936936934,1.50180041017501,10.0,Chain-GBR-PI,0.6
526,yeast,0.26966966966966965,1.5034387726210072,10.0,Chain-GBR-PI,0.6
527,yeast,0.2543543543543544,1.5020918171128423,10.0,Chain-GBR-PI,0.6
528,yeast,0.28858858858858855,1.5012423002265591,10.0,Chain-GBR-PI,0.6
529,yeast,0.22642642642642638,1.5032046963149401,10.0,Chain-GBR-PI,0.6
530,yeast,0.3592841163310962,1.502849786569752,10.0,Chain-GBR-PI,0.6
531,yeast,0.30290827740492166,1.5032252535752342,10.0,Chain-GBR-PI,0.6
532,yeast,0.3568978374347502,1.502323378625447,10.0,Chain-GBR-PI,0.6
533,yeast,0.3327367636092468,1.4978916703170957,10.0,Chain-GBR-PI,0.6
534,yeast,0.2597597597597597,1.5038468100092162,10.0,Chain-GBR-PI,0.6
535,yeast,0.2684684684684685,1.5033151060241015,10.0,Chain-GBR-PI,0.6
536,yeast,0.3309309309309309,1.5000668018539252,10.0,Chain-GBR-PI,0.6
537,yeast,0.27087087087087086,1.5005025917856403,10.0,Chain-GBR-PI,0.6
538,yeast,0.30930930930930933,1.5055438492438886,10.0,Chain-GBR-PI,0.6
539,yeast,0.2771771771771771,1.502541813398661,10.0,Chain-GBR-PI,0.6
540,yeast,0.32319164802386274,1.5006836038975675,10.0,Chain-GBR-PI,0.6
541,yeast,0.31126025354213277,1.5010348730140497,10.0,Chain-GBR-PI,0.6
542,yeast,0.35480984340044736,1.5002814132694478,10.0,Chain-GBR-PI,0.6
543,yeast,0.27844891871737515,1.4997513937258786,10.0,Chain-GBR-PI,0.6
544,yeast,0.22792792792792793,1.5022591793834374,10.0,Chain-GBR-PI,0.6
545,yeast,0.27687687687687684,1.5005813886524975,10.0,Chain-GBR-PI,0.6
546,yeast,0.2843843843843844,1.503141792392632,10.0,Chain-GBR-PI,0.6
547,yeast,0.24414414414414415,1.5053292560053153,10.0,Chain-GBR-PI,0.6
548,yeast,0.2537537537537537,1.5013945320964324,10.0,Chain-GBR-PI,0.6
549,yeast,0.3018018018018018,1.5039067195026172,10.0,Chain-GBR-PI,0.6
550,movies,0.002197802197802192,1.6173264995085965,15.0,Chain-GBR-PI,0.6
551,movies,0.026373626373626377,1.6162907015646406,15.0,Chain-GBR-PI,0.6
552,movies,-0.05201465201465201,1.614206908663682,15.0,Chain-GBR-PI,0.6
553,movies,-0.04468864468864469,1.6133940324777913,15.0,Chain-GBR-PI,0.6
554,movies,-0.05421245421245421,1.6191526527807896,15.0,Chain-GBR-PI,0.6
555,movies,0.01758241758241758,1.6239763403485896,15.0,Chain-GBR-PI,0.6
556,movies,-0.06446886446886446,1.6190688311415358,15.0,Chain-GBR-PI,0.6
557,movies,0.015384615384615375,1.6164393926198515,15.0,Chain-GBR-PI,0.6
558,movies,-0.039560439560439566,1.6168133893509438,15.0,Chain-GBR-PI,0.6
559,movies,-0.03736263736263736,1.6171445872358075,15.0,Chain-GBR-PI,0.6
560,movies,-0.015384615384615389,1.6143385831385242,15.0,Chain-GBR-PI,0.6
561,movies,-0.05201465201465202,1.620667220320116,15.0,Chain-GBR-PI,0.6
562,movies,0.004395604395604399,1.6306424326069806,15.0,Chain-GBR-PI,0.6
563,movies,-0.05421245421245421,1.617983569443453,15.0,Chain-GBR-PI,0.6
564,movies,-0.09157509157509157,1.618632062257024,15.0,Chain-GBR-PI,0.6
565,movies,-0.073992673992674,1.6140882330299058,15.0,Chain-GBR-PI,0.6
566,movies,-0.04395604395604395,1.6174105675422175,15.0,Chain-GBR-PI,0.6
567,movies,0.028571428571428577,1.6175695119432494,15.0,Chain-GBR-PI,0.6
568,movies,-0.03223443223443224,1.6233741968539461,15.0,Chain-GBR-PI,0.6
569,movies,-0.07765567765567766,1.624163513933164,15.0,Chain-GBR-PI,0.6
570,movies,-0.007326007326007326,1.6204872535760286,15.0,Chain-GBR-PI,0.6
571,movies,-0.06739926739926741,1.6174301079077027,15.0,Chain-GBR-PI,0.6
572,movies,0.029304029304029304,1.613507120223377,15.0,Chain-GBR-PI,0.6
573,movies,-0.054945054945054944,1.6199178074852527,15.0,Chain-GBR-PI,0.6
574,movies,-0.08351648351648351,1.6177515680669226,15.0,Chain-GBR-PI,0.6
575,movies,0.0014652014652014643,1.6130577838357132,15.0,Chain-GBR-PI,0.6
576,movies,-0.06373626373626375,1.6128979639217589,15.0,Chain-GBR-PI,0.6
577,movies,-0.05054945054945054,1.6130521082768972,15.0,Chain-GBR-PI,0.6
578,movies,-0.030036630036630037,1.6200553762144247,15.0,Chain-GBR-PI,0.6
579,movies,0.010256410256410255,1.6156897598252549,15.0,Chain-GBR-PI,0.6
580,movies,-0.05860805860805861,1.6254406547043465,15.0,Chain-GBR-PI,0.6
581,movies,0.001465201465201465,1.6172410379961537,15.0,Chain-GBR-PI,0.6
582,movies,-0.040293040293040296,1.6207945600897224,15.0,Chain-GBR-PI,0.6
583,movies,0.00073260073260073,1.6216717173918214,15.0,Chain-GBR-PI,0.6
584,movies,0.0021978021978022017,1.6169027057963088,15.0,Chain-GBR-PI,0.6
585,movies,-0.09816849816849814,1.61725498391741,15.0,Chain-GBR-PI,0.6
586,movies,0.004395604395604397,1.6173044342365723,15.0,Chain-GBR-PI,0.6
587,movies,0.05274725274725275,1.6142804363066459,15.0,Chain-GBR-PI,0.6
588,movies,0.016117216117216115,1.6218610291903428,15.0,Chain-GBR-PI,0.6
589,movies,-0.004395604395604395,1.6116344616594487,15.0,Chain-GBR-PI,0.6
590,movies,-0.0007326007326007337,1.6080279758176812,15.0,Chain-GBR-PI,0.6
591,movies,-0.03150183150183151,1.6173928582742125,15.0,Chain-GBR-PI,0.6
592,movies,-0.05347985347985348,1.6178653139247268,15.0,Chain-GBR-PI,0.6
593,movies,-0.02490842490842491,1.6184059064428447,15.0,Chain-GBR-PI,0.6
594,movies,-0.027106227106227107,1.6187710724593263,15.0,Chain-GBR-PI,0.6
595,movies,-0.057875457875457864,1.62031508819887,15.0,Chain-GBR-PI,0.6
596,movies,-0.010256410256410258,1.609962850812299,15.0,Chain-GBR-PI,0.6
597,movies,-0.08131868131868132,1.6158650447877525,15.0,Chain-GBR-PI,0.6
598,movies,-0.11721611721611723,1.6222155272982606,15.0,Chain-GBR-PI,0.6
599,movies,-0.12161172161172161,1.618326334214056,15.0,Chain-GBR-PI,0.6
